1.0 88
2.0 88
3.0 88
4.0 88
5.0 88
6.0 89
7.0 89
8.0 90
9.0 90
10.0 90
11.0 91
12.0 91
13.0 91
14.0 92
15.0 92
16.0 92
17.0 93
18.0 93
19.0 93
20.0 94
21.0 94
22.0 94
23.0 95
24.0 95
25.0 95
26.0 95
27.0 95
28.0 96
29.0 96
30.0 96
31.0 96
32.0 96
33.0 96
34.0 96
35.0 97
36.0 97
37.0 97
38.0 97
39.0 97
40.0 97
41.0 97
42.0 97
43.0 97
44.0 97
45.0 97
46.0 97
47.0 97
48.0 97
49.0 97
50.0 97
51.0 96
52.0 96
53.0 96
54.0 96
55.0 96
56.0 96
57.0 95
58.0 95
59.0 95
60.0 95
61.0 94
62.0 94
63.0 94
64.0 93
65.0 93
66.0 93
67.0 93
68.0 92
69.0 92
70.0 92
71.0 91
72.0 91
73.0 91
74.0 91
75.0 92
76.0 92
77.0 91
78.0 91
79.0 91
80.0 90
81.0 90
82.0 90
83.0 89
84.0 89
85.0 88
86.0 88
87.0 87
88.0 87
89.0 86
90.0 86
91.0 86
92.0 85
93.0 85
94.0 84
95.0 84
96.0 83
97.0 83
98.0 82
99.0 82
100.0 81
101.0 81
102.0 80
103.0 80
104.0 80
105.0 79
106.0 79
107.0 78
108.0 78
109.0 77
110.0 77
111.0 76
112.0 76
113.0 75
114.0 75
115.0 74
116.0 74
117.0 75
118.0 75
119.0 75
120.0 75
121.0 75
122.0 76
123.0 76
124.0 76
125.0 76
126.0 76
127.0 76
128.0 77
129.0 77
130.0 77
131.0 77
132.0 77
133.0 77
134.0 77
135.0 77
136.0 77
137.0 77
138.0 77
139.0 78
140.0 78
141.0 78
142.0 78
143.0 78
144.0 78
145.0 78
146.0 78
147.0 78
148.0 78
149.0 79
150.0 79
151.0 80
152.0 80
153.0 81
154.0 81
155.0 82
156.0 82
157.0 83
158.0 83
159.0 83
160.0 84
161.0 84
162.0 85
163.0 85
164.0 86
165.0 86
166.0 86
167.0 87
168.0 87
169.0 88
170.0 88
171.0 89
172.0 89
173.0 89
174.0 90
175.0 90
176.0 90
177.0 91
178.0 91
179.0 91
180.0 92
181.0 92
182.0 92
183.0 93
184.0 93
185.0 93
186.0 93
187.0 94
188.0 94
189.0 94
190.0 94
191.0 95
192.0 95
193.0 95
194.0 95
195.0 95
196.0 95
197.0 96
198.0 96
199.0 96
200.0 96
201.0 96
202.0 96
203.0 96
204.0 96
205.0 96
206.0 96
207.0 96
208.0 96
209.0 96
210.0 96
211.0 96
212.0 96
213.0 96
214.0 96
215.0 95
216.0 95
217.0 95
218.0 95
219.0 95
220.0 95
221.0 94
222.0 94
223.0 94
224.0 94
225.0 93
226.0 93
227.0 93
228.0 93
229.0 93
230.0 93
231.0 93
232.0 93
233.0 93
234.0 92
235.0 92
236.0 92
237.0 92
238.0 92
239.0 92
240.0 91
241.0 91
242.0 91
243.0 91
244.0 90
245.0 90
246.0 90
247.0 89
248.0 89
249.0 89
250.0 88
251.0 88
252.0 88
253.0 87
254.0 87
255.0 87
256.0 86
257.0 86
258.0 86
259.0 85
260.0 85
261.0 84
262.0 84
263.0 83
264.0 83
265.0 83
266.0 83
267.0 83
268.0 84
269.0 84
270.0 84
271.0 84
272.0 85
273.0 85
274.0 86
275.0 86
276.0 86
277.0 87
278.0 87
279.0 88
280.0 88
281.0 88
282.0 89
283.0 89
284.0 89
285.0 90
286.0 90
287.0 90
288.0 91
289.0 91
290.0 91
291.0 91
292.0 91
293.0 91
294.0 91
295.0 92
296.0 92
297.0 92
298.0 92
299.0 92
300.0 93
