1.0 90
2.0 90
3.0 91
4.0 91
5.0 91
6.0 92
7.0 92
8.0 92
9.0 92
10.0 93
11.0 93
12.0 93
13.0 94
14.0 94
15.0 94
16.0 94
17.0 94
18.0 95
19.0 95
20.0 95
21.0 95
22.0 95
23.0 95
24.0 95
25.0 95
26.0 95
27.0 95
28.0 94
29.0 94
30.0 94
31.0 93
32.0 93
33.0 93
34.0 92
35.0 92
36.0 91
37.0 91
38.0 91
39.0 90
40.0 90
41.0 89
42.0 89
43.0 88
44.0 88
45.0 88
46.0 87
47.0 87
48.0 86
49.0 86
50.0 85
51.0 85
52.0 84
53.0 84
54.0 83
55.0 83
56.0 82
57.0 82
58.0 81
59.0 81
60.0 80
61.0 80
62.0 79
63.0 79
64.0 79
65.0 79
66.0 79
67.0 80
68.0 80
69.0 80
70.0 81
71.0 81
72.0 81
73.0 81
74.0 82
75.0 82
76.0 82
77.0 82
78.0 83
79.0 83
80.0 83
81.0 83
82.0 83
83.0 84
84.0 84
85.0 84
86.0 84
87.0 84
88.0 84
89.0 84
90.0 85
91.0 85
92.0 85
93.0 85
94.0 84
95.0 84
96.0 83
97.0 83
98.0 82
99.0 82
100.0 81
101.0 81
102.0 80
103.0 80
104.0 80
105.0 79
106.0 79
107.0 78
108.0 78
109.0 77
110.0 77
111.0 76
112.0 76
113.0 75
114.0 75
115.0 74
116.0 74
117.0 75
118.0 75
119.0 75
120.0 75
121.0 75
122.0 76
123.0 76
124.0 76
125.0 76
126.0 76
127.0 76
128.0 77
129.0 77
130.0 77
131.0 77
132.0 77
133.0 77
134.0 77
135.0 77
136.0 77
137.0 77
138.0 77
139.0 78
140.0 78
141.0 78
142.0 78
143.0 78
144.0 78
145.0 78
146.0 78
147.0 78
148.0 78
149.0 79
150.0 79
151.0 80
152.0 80
153.0 81
154.0 81
155.0 82
156.0 82
157.0 83
158.0 83
159.0 83
160.0 84
161.0 84
162.0 85
163.0 85
164.0 86
165.0 86
166.0 86
167.0 87
168.0 87
169.0 88
170.0 88
171.0 89
172.0 89
173.0 89
174.0 90
175.0 90
176.0 90
177.0 91
178.0 91
179.0 91
180.0 92
181.0 92
182.0 92
183.0 92
184.0 92
185.0 91
186.0 91
187.0 90
188.0 90
189.0 90
190.0 89
191.0 89
192.0 88
193.0 88
194.0 87
195.0 87
196.0 86
197.0 86
198.0 86
199.0 85
200.0 85
201.0 84
202.0 84
203.0 83
204.0 83
205.0 82
206.0 82
207.0 81
208.0 81
209.0 80
210.0 80
211.0 79
212.0 80
213.0 80
214.0 80
215.0 81
216.0 81
217.0 81
218.0 81
219.0 82
220.0 82
221.0 82
222.0 82
223.0 83
224.0 83
225.0 84
226.0 84
227.0 85
228.0 85
229.0 85
230.0 86
231.0 86
232.0 87
233.0 87
234.0 88
235.0 88
236.0 89
237.0 89
238.0 90
239.0 90
240.0 90
241.0 91
242.0 91
243.0 91
244.0 90
245.0 90
246.0 90
247.0 89
248.0 89
249.0 89
250.0 88
251.0 88
252.0 88
253.0 87
254.0 87
255.0 87
256.0 86
257.0 86
258.0 86
259.0 85
260.0 85
261.0 85
262.0 84
263.0 84
264.0 84
265.0 84
266.0 85
267.0 85
268.0 85
269.0 86
270.0 86
271.0 86
272.0 87
273.0 87
274.0 87
275.0 88
276.0 88
277.0 88
278.0 88
279.0 89
280.0 89
281.0 89
282.0 89
283.0 90
284.0 90
285.0 90
286.0 90
287.0 90
288.0 91
289.0 91
290.0 91
291.0 91
292.0 91
293.0 91
294.0 91
295.0 92
296.0 92
297.0 92
298.0 92
299.0 92
300.0 93
