1.0 87
2.0 87
3.0 87
4.0 88
5.0 88
6.0 88
7.0 89
8.0 89
9.0 89
10.0 90
11.0 90
12.0 90
13.0 91
14.0 91
15.0 91
16.0 92
17.0 92
18.0 92
19.0 92
20.0 93
21.0 93
22.0 93
23.0 93
24.0 94
25.0 94
26.0 94
27.0 94
28.0 94
29.0 94
30.0 94
31.0 93
32.0 93
33.0 93
34.0 92
35.0 92
36.0 91
37.0 91
38.0 91
39.0 90
40.0 90
41.0 89
42.0 89
43.0 88
44.0 88
45.0 88
46.0 87
47.0 87
48.0 86
49.0 86
50.0 85
51.0 85
52.0 84
53.0 84
54.0 83
55.0 83
56.0 82
57.0 82
58.0 81
59.0 81
60.0 80
61.0 80
62.0 79
63.0 79
64.0 79
65.0 79
66.0 79
67.0 80
68.0 80
69.0 80
70.0 81
71.0 81
72.0 81
73.0 81
74.0 82
75.0 82
76.0 82
77.0 82
78.0 83
79.0 83
80.0 83
81.0 83
82.0 83
83.0 84
84.0 84
85.0 84
86.0 84
87.0 84
88.0 84
89.0 84
90.0 85
91.0 85
92.0 85
93.0 85
94.0 85
95.0 85
96.0 85
97.0 85
98.0 85
99.0 85
100.0 85
101.0 85
102.0 85
103.0 85
104.0 85
105.0 85
106.0 85
107.0 85
108.0 86
109.0 86
110.0 86
111.0 87
112.0 87
113.0 88
114.0 88
115.0 89
116.0 89
117.0 90
118.0 90
119.0 90
120.0 91
121.0 91
122.0 92
123.0 91
124.0 91
125.0 91
126.0 90
127.0 90
128.0 89
129.0 89
130.0 89
131.0 88
132.0 88
133.0 87
134.0 87
135.0 86
136.0 86
137.0 86
138.0 85
139.0 85
140.0 84
141.0 84
142.0 83
143.0 83
144.0 82
145.0 82
146.0 81
147.0 81
148.0 80
149.0 80
150.0 79
151.0 79
152.0 79
153.0 78
154.0 78
155.0 77
156.0 78
157.0 78
158.0 79
159.0 79
160.0 80
161.0 80
162.0 81
163.0 81
164.0 81
165.0 82
166.0 82
167.0 83
168.0 83
169.0 84
170.0 84
171.0 84
172.0 85
173.0 85
174.0 86
175.0 86
176.0 86
177.0 87
178.0 87
179.0 88
180.0 88
181.0 88
182.0 89
183.0 89
184.0 89
185.0 90
186.0 90
187.0 90
188.0 90
189.0 90
190.0 89
191.0 89
192.0 88
193.0 88
194.0 87
195.0 87
196.0 86
197.0 86
198.0 86
199.0 85
200.0 85
201.0 84
202.0 84
203.0 83
204.0 83
205.0 82
206.0 82
207.0 81
208.0 81
209.0 80
210.0 80
211.0 79
212.0 80
213.0 80
214.0 80
215.0 81
216.0 81
217.0 81
218.0 81
219.0 82
220.0 82
221.0 82
222.0 82
223.0 83
224.0 83
225.0 84
226.0 84
227.0 85
228.0 85
229.0 85
230.0 86
231.0 86
232.0 87
233.0 87
234.0 88
235.0 88
236.0 89
237.0 89
238.0 90
239.0 90
240.0 90
241.0 90
242.0 89
243.0 89
244.0 89
245.0 88
246.0 88
247.0 88
248.0 89
249.0 89
250.0 89
251.0 89
252.0 90
253.0 90
254.0 90
255.0 90
256.0 90
257.0 90
258.0 91
259.0 91
260.0 91
261.0 91
262.0 91
263.0 91
264.0 91
265.0 91
266.0 91
267.0 91
268.0 91
269.0 91
270.0 91
271.0 91
272.0 91
273.0 91
274.0 91
275.0 91
276.0 91
277.0 91
278.0 91
279.0 91
280.0 90
281.0 90
282.0 90
283.0 90
284.0 90
285.0 90
286.0 89
287.0 89
288.0 89
289.0 89
290.0 89
291.0 88
292.0 88
293.0 88
294.0 88
295.0 88
296.0 88
297.0 89
298.0 89
299.0 89
300.0 89
