1.0 87
2.0 87
3.0 87
4.0 88
5.0 88
6.0 88
7.0 89
8.0 89
9.0 89
10.0 90
11.0 90
12.0 90
13.0 91
14.0 91
15.0 91
16.0 92
17.0 92
18.0 92
19.0 92
20.0 93
21.0 93
22.0 93
23.0 93
24.0 94
25.0 94
26.0 94
27.0 94
28.0 94
29.0 94
30.0 94
31.0 95
32.0 95
33.0 95
34.0 95
35.0 95
36.0 95
37.0 95
38.0 95
39.0 95
40.0 95
41.0 95
42.0 95
43.0 95
44.0 95
45.0 94
46.0 94
47.0 94
48.0 94
49.0 94
50.0 94
51.0 94
52.0 93
53.0 93
54.0 93
55.0 93
56.0 93
57.0 92
58.0 92
59.0 92
60.0 92
61.0 91
62.0 91
63.0 91
64.0 92
65.0 92
66.0 92
67.0 93
68.0 93
69.0 93
70.0 94
71.0 94
72.0 93
73.0 93
74.0 93
75.0 92
76.0 92
77.0 91
78.0 91
79.0 91
80.0 90
81.0 90
82.0 90
83.0 89
84.0 89
85.0 88
86.0 88
87.0 87
88.0 87
89.0 86
90.0 86
91.0 86
92.0 85
93.0 85
94.0 84
95.0 84
96.0 83
97.0 83
98.0 82
99.0 82
100.0 81
101.0 81
102.0 80
103.0 80
104.0 80
105.0 79
106.0 79
107.0 78
108.0 78
109.0 77
110.0 77
111.0 76
112.0 76
113.0 75
114.0 75
115.0 74
116.0 74
117.0 75
118.0 75
119.0 75
120.0 75
121.0 75
122.0 76
123.0 76
124.0 76
125.0 76
126.0 76
127.0 76
128.0 77
129.0 77
130.0 77
131.0 77
132.0 77
133.0 77
134.0 77
135.0 77
136.0 77
137.0 77
138.0 77
139.0 78
140.0 78
141.0 78
142.0 78
143.0 78
144.0 78
145.0 78
146.0 78
147.0 78
148.0 78
149.0 79
150.0 79
151.0 79
152.0 79
153.0 78
154.0 78
155.0 77
156.0 78
157.0 78
158.0 79
159.0 79
160.0 80
161.0 80
162.0 81
163.0 81
164.0 81
165.0 82
166.0 82
167.0 83
168.0 83
169.0 84
170.0 84
171.0 84
172.0 85
173.0 85
174.0 86
175.0 86
176.0 86
177.0 87
178.0 87
179.0 88
180.0 88
181.0 88
182.0 89
183.0 89
184.0 89
185.0 90
186.0 90
187.0 90
188.0 91
189.0 91
190.0 91
191.0 92
192.0 92
193.0 92
194.0 92
195.0 93
196.0 93
197.0 93
198.0 93
199.0 93
200.0 94
201.0 94
202.0 94
203.0 94
204.0 94
205.0 94
206.0 94
207.0 95
208.0 95
209.0 95
210.0 95
211.0 95
212.0 95
213.0 95
214.0 95
215.0 95
216.0 95
217.0 95
218.0 95
219.0 95
220.0 94
221.0 94
222.0 94
223.0 94
224.0 94
225.0 93
226.0 93
227.0 93
228.0 93
229.0 93
230.0 93
231.0 93
232.0 92
233.0 92
234.0 92
235.0 92
236.0 91
237.0 91
238.0 91
239.0 90
240.0 90
241.0 90
242.0 89
243.0 89
244.0 89
245.0 88
246.0 88
247.0 88
248.0 89
249.0 89
250.0 88
251.0 88
252.0 88
253.0 87
254.0 87
255.0 87
256.0 86
257.0 86
258.0 86
259.0 85
260.0 85
261.0 85
262.0 84
263.0 84
264.0 84
265.0 84
266.0 85
267.0 85
268.0 85
269.0 86
270.0 86
271.0 86
272.0 87
273.0 87
274.0 87
275.0 88
276.0 88
277.0 88
278.0 88
279.0 89
280.0 89
281.0 89
282.0 89
283.0 90
284.0 90
285.0 90
286.0 89
287.0 89
288.0 89
289.0 89
290.0 89
291.0 88
292.0 88
293.0 88
294.0 88
295.0 88
296.0 88
297.0 89
298.0 89
299.0 89
300.0 89
