1.0 88
2.0 88
3.0 88
4.0 88
5.0 88
6.0 89
7.0 89
8.0 90
9.0 90
10.0 90
11.0 91
12.0 91
13.0 91
14.0 92
15.0 92
16.0 92
17.0 93
18.0 93
19.0 93
20.0 94
21.0 94
22.0 94
23.0 95
24.0 95
25.0 95
26.0 95
27.0 95
28.0 94
29.0 94
30.0 94
31.0 93
32.0 93
33.0 93
34.0 92
35.0 92
36.0 91
37.0 91
38.0 91
39.0 90
40.0 90
41.0 89
42.0 89
43.0 88
44.0 88
45.0 88
46.0 87
47.0 87
48.0 86
49.0 86
50.0 85
51.0 85
52.0 84
53.0 84
54.0 83
55.0 83
56.0 82
57.0 82
58.0 81
59.0 81
60.0 80
61.0 80
62.0 79
63.0 79
64.0 79
65.0 79
66.0 79
67.0 80
68.0 80
69.0 80
70.0 81
71.0 81
72.0 81
73.0 81
74.0 82
75.0 82
76.0 82
77.0 82
78.0 83
79.0 83
80.0 83
81.0 83
82.0 83
83.0 84
84.0 84
85.0 84
86.0 84
87.0 84
88.0 84
89.0 84
90.0 85
91.0 85
92.0 85
93.0 85
94.0 85
95.0 85
96.0 85
97.0 85
98.0 85
99.0 85
100.0 85
101.0 85
102.0 85
103.0 85
104.0 85
105.0 85
106.0 85
107.0 85
108.0 86
109.0 86
110.0 86
111.0 87
112.0 87
113.0 88
114.0 88
115.0 88
116.0 88
117.0 88
118.0 87
119.0 87
120.0 87
121.0 86
122.0 86
123.0 86
124.0 85
125.0 85
126.0 85
127.0 84
128.0 84
129.0 83
130.0 83
131.0 83
132.0 82
133.0 82
134.0 82
135.0 83
136.0 83
137.0 84
138.0 84
139.0 85
140.0 85
141.0 86
142.0 86
143.0 86
144.0 87
145.0 87
146.0 88
147.0 88
148.0 89
149.0 89
150.0 89
151.0 90
152.0 90
153.0 91
154.0 91
155.0 91
156.0 92
157.0 92
158.0 93
159.0 93
160.0 93
161.0 94
162.0 94
163.0 94
164.0 95
165.0 95
166.0 95
167.0 95
168.0 96
169.0 96
170.0 96
171.0 96
172.0 96
173.0 95
174.0 95
175.0 95
176.0 94
177.0 94
178.0 94
179.0 93
180.0 93
181.0 93
182.0 92
183.0 92
184.0 92
185.0 91
186.0 91
187.0 90
188.0 90
189.0 90
190.0 89
191.0 89
192.0 88
193.0 88
194.0 87
195.0 87
196.0 86
197.0 86
198.0 86
199.0 85
200.0 85
201.0 84
202.0 84
203.0 83
204.0 83
205.0 82
206.0 82
207.0 81
208.0 81
209.0 80
210.0 80
211.0 79
212.0 80
213.0 80
214.0 80
215.0 81
216.0 81
217.0 81
218.0 81
219.0 82
220.0 82
221.0 82
222.0 82
223.0 83
224.0 83
225.0 84
226.0 84
227.0 85
228.0 85
229.0 85
230.0 86
231.0 86
232.0 87
233.0 87
234.0 88
235.0 88
236.0 89
237.0 89
238.0 90
239.0 90
240.0 90
241.0 91
242.0 91
243.0 92
244.0 91
245.0 91
246.0 91
247.0 90
248.0 90
249.0 89
250.0 89
251.0 89
252.0 88
253.0 88
254.0 87
255.0 87
256.0 86
257.0 86
258.0 86
259.0 85
260.0 85
261.0 84
262.0 84
263.0 83
264.0 83
265.0 83
266.0 83
267.0 83
268.0 84
269.0 84
270.0 84
271.0 84
272.0 85
273.0 85
274.0 86
275.0 86
276.0 86
277.0 87
278.0 87
279.0 88
280.0 88
281.0 88
282.0 89
283.0 89
284.0 89
285.0 90
286.0 90
287.0 90
288.0 91
289.0 91
290.0 91
291.0 91
292.0 92
293.0 92
294.0 92
295.0 93
296.0 93
297.0 93
298.0 93
299.0 93
300.0 94
