1.0 90
2.0 90
3.0 91
4.0 91
5.0 91
6.0 92
7.0 92
8.0 92
9.0 92
10.0 93
11.0 93
12.0 93
13.0 94
14.0 94
15.0 94
16.0 94
17.0 94
18.0 93
19.0 93
20.0 93
21.0 93
22.0 93
23.0 93
24.0 93
25.0 93
26.0 93
27.0 93
28.0 93
29.0 94
30.0 94
31.0 94
32.0 94
33.0 94
34.0 94
35.0 94
36.0 94
37.0 95
38.0 95
39.0 95
40.0 96
41.0 96
42.0 96
43.0 96
44.0 97
45.0 97
46.0 97
47.0 97
48.0 97
49.0 98
50.0 98
51.0 98
52.0 98
53.0 97
54.0 97
55.0 97
56.0 97
57.0 97
58.0 97
59.0 97
60.0 96
61.0 96
62.0 96
63.0 96
64.0 96
65.0 95
66.0 95
67.0 95
68.0 95
69.0 94
70.0 94
71.0 94
72.0 93
73.0 93
74.0 93
75.0 92
76.0 92
77.0 91
78.0 91
79.0 91
80.0 90
81.0 90
82.0 90
83.0 89
84.0 89
85.0 88
86.0 88
87.0 87
88.0 87
89.0 86
90.0 86
91.0 86
92.0 85
93.0 85
94.0 84
95.0 84
96.0 83
97.0 83
98.0 82
99.0 82
100.0 81
101.0 81
102.0 80
103.0 80
104.0 80
105.0 79
106.0 79
107.0 78
108.0 78
109.0 77
110.0 77
111.0 76
112.0 76
113.0 75
114.0 75
115.0 74
116.0 74
117.0 75
118.0 75
119.0 75
120.0 75
121.0 75
122.0 76
123.0 76
124.0 76
125.0 76
126.0 76
127.0 76
128.0 77
129.0 77
130.0 77
131.0 77
132.0 77
133.0 77
134.0 77
135.0 77
136.0 77
137.0 77
138.0 77
139.0 78
140.0 78
141.0 78
142.0 78
143.0 78
144.0 78
145.0 78
146.0 78
147.0 78
148.0 78
149.0 79
150.0 79
151.0 80
152.0 80
153.0 81
154.0 81
155.0 82
156.0 82
157.0 83
158.0 83
159.0 83
160.0 84
161.0 84
162.0 85
163.0 85
164.0 86
165.0 86
166.0 86
167.0 87
168.0 87
169.0 88
170.0 88
171.0 89
172.0 89
173.0 89
174.0 90
175.0 90
176.0 90
177.0 91
178.0 91
179.0 91
180.0 92
181.0 92
182.0 92
183.0 93
184.0 93
185.0 93
186.0 93
187.0 94
188.0 94
189.0 94
190.0 94
191.0 95
192.0 94
193.0 94
194.0 94
195.0 94
196.0 93
197.0 93
198.0 93
199.0 93
200.0 93
201.0 93
202.0 93
203.0 93
204.0 93
205.0 93
206.0 93
207.0 93
208.0 93
209.0 94
210.0 94
211.0 94
212.0 95
213.0 95
214.0 95
215.0 95
216.0 95
217.0 95
218.0 95
219.0 95
220.0 95
221.0 94
222.0 94
223.0 94
224.0 94
225.0 93
226.0 93
227.0 93
228.0 93
229.0 93
230.0 93
231.0 93
232.0 93
233.0 93
234.0 92
235.0 92
236.0 92
237.0 92
238.0 92
239.0 92
240.0 91
241.0 91
242.0 91
243.0 91
244.0 90
245.0 90
246.0 90
247.0 89
248.0 89
249.0 89
250.0 88
251.0 88
252.0 88
253.0 87
254.0 87
255.0 87
256.0 86
257.0 86
258.0 86
259.0 85
260.0 85
261.0 85
262.0 84
263.0 84
264.0 84
265.0 84
266.0 85
267.0 85
268.0 85
269.0 86
270.0 86
271.0 86
272.0 87
273.0 87
274.0 87
275.0 88
276.0 88
277.0 88
278.0 88
279.0 89
280.0 89
281.0 89
282.0 89
283.0 90
284.0 90
285.0 90
286.0 90
287.0 90
288.0 91
289.0 91
290.0 91
291.0 91
292.0 91
293.0 91
294.0 91
295.0 92
296.0 92
297.0 92
298.0 92
299.0 92
300.0 93
