1.0 95
2.0 95
3.0 95
4.0 95
5.0 95
6.0 95
7.0 95
8.0 95
9.0 95
10.0 95
11.0 95
12.0 94
13.0 94
14.0 94
15.0 94
16.0 94
17.0 94
18.0 93
19.0 93
20.0 93
21.0 93
22.0 93
23.0 93
24.0 93
25.0 93
26.0 93
27.0 93
28.0 93
29.0 94
30.0 94
31.0 93
32.0 93
33.0 93
34.0 92
35.0 92
36.0 91
37.0 91
38.0 91
39.0 90
40.0 90
41.0 89
42.0 89
43.0 88
44.0 88
45.0 88
46.0 87
47.0 87
48.0 86
49.0 86
50.0 85
51.0 85
52.0 84
53.0 84
54.0 83
55.0 83
56.0 82
57.0 82
58.0 81
59.0 81
60.0 80
61.0 80
62.0 79
63.0 79
64.0 79
65.0 79
66.0 79
67.0 80
68.0 80
69.0 80
70.0 81
71.0 81
72.0 81
73.0 81
74.0 82
75.0 82
76.0 82
77.0 82
78.0 83
79.0 83
80.0 83
81.0 83
82.0 83
83.0 84
84.0 84
85.0 84
86.0 84
87.0 84
88.0 84
89.0 84
90.0 85
91.0 85
92.0 85
93.0 85
94.0 85
95.0 85
96.0 85
97.0 85
98.0 85
99.0 85
100.0 85
101.0 85
102.0 85
103.0 85
104.0 85
105.0 85
106.0 85
107.0 85
108.0 86
109.0 86
110.0 86
111.0 87
112.0 87
113.0 88
114.0 88
115.0 89
116.0 89
117.0 90
118.0 90
119.0 90
120.0 91
121.0 91
122.0 92
123.0 92
124.0 92
125.0 93
126.0 93
127.0 93
128.0 94
129.0 94
130.0 94
131.0 95
132.0 95
133.0 95
134.0 95
135.0 95
136.0 95
137.0 95
138.0 95
139.0 95
140.0 95
141.0 95
142.0 95
143.0 95
144.0 95
145.0 95
146.0 95
147.0 95
148.0 95
149.0 95
150.0 95
151.0 96
152.0 96
153.0 96
154.0 96
155.0 96
156.0 96
157.0 96
158.0 96
159.0 96
160.0 96
161.0 96
162.0 96
163.0 97
164.0 97
165.0 97
166.0 97
167.0 97
168.0 97
169.0 96
170.0 96
171.0 96
172.0 96
173.0 95
174.0 95
175.0 95
176.0 94
177.0 94
178.0 94
179.0 93
180.0 93
181.0 93
182.0 92
183.0 92
184.0 92
185.0 91
186.0 91
187.0 90
188.0 90
189.0 90
190.0 89
191.0 89
192.0 88
193.0 88
194.0 87
195.0 87
196.0 86
197.0 86
198.0 86
199.0 85
200.0 85
201.0 84
202.0 84
203.0 83
204.0 83
205.0 82
206.0 82
207.0 81
208.0 81
209.0 80
210.0 80
211.0 79
212.0 80
213.0 80
214.0 80
215.0 81
216.0 81
217.0 81
218.0 81
219.0 82
220.0 82
221.0 82
222.0 82
223.0 83
224.0 83
225.0 84
226.0 84
227.0 85
228.0 85
229.0 85
230.0 86
231.0 86
232.0 87
233.0 87
234.0 88
235.0 88
236.0 89
237.0 89
238.0 90
239.0 90
240.0 90
241.0 91
242.0 91
243.0 92
244.0 92
245.0 93
246.0 93
247.0 93
248.0 94
249.0 94
250.0 94
251.0 95
252.0 95
253.0 95
254.0 96
255.0 96
256.0 96
257.0 96
258.0 96
259.0 96
260.0 95
261.0 95
262.0 95
263.0 95
264.0 95
265.0 95
266.0 95
267.0 95
268.0 95
269.0 95
270.0 95
271.0 95
272.0 95
273.0 95
274.0 95
275.0 95
276.0 95
277.0 95
278.0 95
279.0 95
280.0 95
281.0 94
282.0 94
283.0 94
284.0 94
285.0 94
286.0 94
287.0 94
288.0 93
289.0 93
290.0 93
291.0 93
292.0 93
293.0 93
294.0 93
295.0 93
296.0 93
297.0 94
298.0 94
299.0 94
300.0 94
