1.0 87
2.0 87
3.0 87
4.0 88
5.0 88
6.0 88
7.0 89
8.0 89
9.0 89
10.0 90
11.0 90
12.0 90
13.0 91
14.0 91
15.0 91
16.0 92
17.0 92
18.0 92
19.0 92
20.0 93
21.0 93
22.0 93
23.0 93
24.0 94
25.0 94
26.0 94
27.0 94
28.0 94
29.0 94
30.0 94
31.0 95
32.0 95
33.0 95
34.0 95
35.0 95
36.0 95
37.0 95
38.0 95
39.0 95
40.0 95
41.0 95
42.0 95
43.0 95
44.0 95
45.0 94
46.0 94
47.0 94
48.0 94
49.0 94
50.0 94
51.0 94
52.0 93
53.0 93
54.0 93
55.0 93
56.0 93
57.0 92
58.0 92
59.0 92
60.0 92
61.0 91
62.0 91
63.0 91
64.0 92
65.0 92
66.0 92
67.0 93
68.0 92
69.0 92
70.0 92
71.0 91
72.0 91
73.0 91
74.0 91
75.0 92
76.0 92
77.0 92
78.0 92
79.0 92
80.0 92
81.0 92
82.0 92
83.0 93
84.0 93
85.0 93
86.0 93
87.0 93
88.0 93
89.0 93
90.0 93
91.0 93
92.0 93
93.0 93
94.0 92
95.0 92
96.0 92
97.0 92
98.0 92
99.0 92
100.0 92
101.0 92
102.0 91
103.0 91
104.0 91
105.0 91
106.0 91
107.0 90
108.0 90
109.0 90
110.0 90
111.0 89
112.0 89
113.0 89
114.0 89
115.0 88
116.0 88
117.0 88
118.0 87
119.0 87
120.0 87
121.0 86
122.0 86
123.0 86
124.0 85
125.0 85
126.0 85
127.0 84
128.0 84
129.0 83
130.0 83
131.0 83
132.0 82
133.0 82
134.0 82
135.0 83
136.0 83
137.0 84
138.0 84
139.0 85
140.0 84
141.0 84
142.0 83
143.0 83
144.0 82
145.0 82
146.0 81
147.0 81
148.0 80
149.0 80
150.0 79
151.0 79
152.0 79
153.0 78
154.0 78
155.0 77
156.0 78
157.0 78
158.0 79
159.0 79
160.0 80
161.0 80
162.0 81
163.0 81
164.0 81
165.0 82
166.0 82
167.0 83
168.0 83
169.0 84
170.0 84
171.0 84
172.0 85
173.0 85
174.0 86
175.0 86
176.0 86
177.0 87
178.0 87
179.0 88
180.0 88
181.0 88
182.0 89
183.0 89
184.0 89
185.0 90
186.0 90
187.0 90
188.0 91
189.0 91
190.0 91
191.0 92
192.0 92
193.0 92
194.0 92
195.0 93
196.0 93
197.0 93
198.0 93
199.0 93
200.0 94
201.0 94
202.0 94
203.0 94
204.0 94
205.0 94
206.0 94
207.0 95
208.0 95
209.0 95
210.0 95
211.0 95
212.0 95
213.0 95
214.0 95
215.0 95
216.0 95
217.0 95
218.0 95
219.0 95
220.0 94
221.0 94
222.0 94
223.0 94
224.0 94
225.0 94
226.0 94
227.0 93
228.0 93
229.0 93
230.0 93
231.0 93
232.0 92
233.0 92
234.0 92
235.0 92
236.0 91
237.0 91
238.0 91
239.0 90
240.0 90
241.0 90
242.0 89
243.0 89
244.0 89
245.0 88
246.0 88
247.0 88
248.0 89
249.0 89
250.0 89
251.0 89
252.0 88
253.0 88
254.0 87
255.0 87
256.0 86
257.0 86
258.0 86
259.0 85
260.0 85
261.0 84
262.0 84
263.0 83
264.0 83
265.0 83
266.0 83
267.0 83
268.0 84
269.0 84
270.0 84
271.0 84
272.0 85
273.0 85
274.0 86
275.0 86
276.0 86
277.0 87
278.0 87
279.0 88
280.0 88
281.0 88
282.0 89
283.0 89
284.0 89
285.0 90
286.0 89
287.0 89
288.0 89
289.0 89
290.0 89
291.0 88
292.0 88
293.0 88
294.0 88
295.0 88
296.0 88
297.0 89
298.0 89
299.0 89
300.0 89
