1.0 88
2.0 88
3.0 88
4.0 88
5.0 88
6.0 89
7.0 89
8.0 90
9.0 90
10.0 90
11.0 91
12.0 91
13.0 91
14.0 92
15.0 92
16.0 92
17.0 93
18.0 93
19.0 93
20.0 93
21.0 93
22.0 93
23.0 93
24.0 93
25.0 93
26.0 93
27.0 93
28.0 93
29.0 94
30.0 94
31.0 94
32.0 94
33.0 94
34.0 94
35.0 94
36.0 94
37.0 95
38.0 95
39.0 95
40.0 96
41.0 96
42.0 96
43.0 96
44.0 97
45.0 97
46.0 97
47.0 97
48.0 97
49.0 97
50.0 97
51.0 96
52.0 96
53.0 96
54.0 96
55.0 96
56.0 96
57.0 95
58.0 95
59.0 95
60.0 95
61.0 94
62.0 94
63.0 94
64.0 93
65.0 93
66.0 93
67.0 93
68.0 92
69.0 92
70.0 92
71.0 91
72.0 91
73.0 91
74.0 91
75.0 92
76.0 92
77.0 92
78.0 92
79.0 92
80.0 92
81.0 92
82.0 92
83.0 93
84.0 93
85.0 93
86.0 93
87.0 93
88.0 93
89.0 93
90.0 93
91.0 93
92.0 93
93.0 93
94.0 92
95.0 92
96.0 92
97.0 92
98.0 92
99.0 92
100.0 92
101.0 92
102.0 91
103.0 91
104.0 91
105.0 91
106.0 91
107.0 90
108.0 90
109.0 90
110.0 90
111.0 89
112.0 89
113.0 89
114.0 89
115.0 88
116.0 88
117.0 88
118.0 87
119.0 87
120.0 87
121.0 86
122.0 86
123.0 86
124.0 85
125.0 85
126.0 85
127.0 84
128.0 84
129.0 83
130.0 83
131.0 83
132.0 82
133.0 82
134.0 82
135.0 83
136.0 83
137.0 84
138.0 84
139.0 85
140.0 85
141.0 86
142.0 86
143.0 86
144.0 87
145.0 87
146.0 88
147.0 88
148.0 89
149.0 89
150.0 89
151.0 90
152.0 90
153.0 91
154.0 91
155.0 91
156.0 92
157.0 92
158.0 93
159.0 93
160.0 93
161.0 94
162.0 94
163.0 94
164.0 95
165.0 95
166.0 95
167.0 95
168.0 96
169.0 96
170.0 96
171.0 96
172.0 97
173.0 97
174.0 97
175.0 97
176.0 97
177.0 97
178.0 97
179.0 97
180.0 97
181.0 97
182.0 97
183.0 96
184.0 96
185.0 96
186.0 96
187.0 96
188.0 95
189.0 95
190.0 95
191.0 95
192.0 94
193.0 94
194.0 94
195.0 94
196.0 93
197.0 93
198.0 93
199.0 93
200.0 93
201.0 93
202.0 93
203.0 93
204.0 93
205.0 93
206.0 93
207.0 93
208.0 93
209.0 94
210.0 94
211.0 94
212.0 95
213.0 95
214.0 95
215.0 95
216.0 96
217.0 96
218.0 96
219.0 96
220.0 97
221.0 97
222.0 97
223.0 96
224.0 96
225.0 96
226.0 96
227.0 96
228.0 96
229.0 96
230.0 95
231.0 95
232.0 95
233.0 95
234.0 94
235.0 94
236.0 94
237.0 94
238.0 93
239.0 93
240.0 93
241.0 92
242.0 92
243.0 92
244.0 91
245.0 91
246.0 91
247.0 90
248.0 90
249.0 89
250.0 89
251.0 89
252.0 88
253.0 88
254.0 87
255.0 87
256.0 86
257.0 86
258.0 86
259.0 85
260.0 85
261.0 84
262.0 84
263.0 83
264.0 83
265.0 83
266.0 83
267.0 83
268.0 84
269.0 84
270.0 84
271.0 84
272.0 85
273.0 85
274.0 86
275.0 86
276.0 86
277.0 87
278.0 87
279.0 88
280.0 88
281.0 88
282.0 89
283.0 89
284.0 89
285.0 90
286.0 90
287.0 90
288.0 91
289.0 91
290.0 91
291.0 91
292.0 92
293.0 92
294.0 92
295.0 93
296.0 93
297.0 93
298.0 93
299.0 93
300.0 94
