1.0 87
2.0 87
3.0 87
4.0 88
5.0 88
6.0 88
7.0 89
8.0 89
9.0 89
10.0 90
11.0 90
12.0 90
13.0 91
14.0 91
15.0 91
16.0 92
17.0 92
18.0 92
19.0 92
20.0 93
21.0 93
22.0 93
23.0 93
24.0 93
25.0 93
26.0 93
27.0 93
28.0 93
29.0 94
30.0 94
31.0 94
32.0 94
33.0 94
34.0 94
35.0 94
36.0 94
37.0 95
38.0 95
39.0 95
40.0 95
41.0 95
42.0 95
43.0 95
44.0 95
45.0 94
46.0 94
47.0 94
48.0 94
49.0 94
50.0 94
51.0 94
52.0 93
53.0 93
54.0 93
55.0 93
56.0 93
57.0 92
58.0 92
59.0 92
60.0 92
61.0 91
62.0 91
63.0 91
64.0 92
65.0 92
66.0 92
67.0 93
68.0 93
69.0 93
70.0 94
71.0 94
72.0 94
73.0 94
74.0 95
75.0 95
76.0 95
77.0 96
78.0 96
79.0 96
80.0 96
81.0 96
82.0 97
83.0 97
84.0 97
85.0 97
86.0 97
87.0 97
88.0 97
89.0 96
90.0 96
91.0 96
92.0 96
93.0 95
94.0 95
95.0 95
96.0 94
97.0 94
98.0 94
99.0 94
100.0 94
101.0 94
102.0 94
103.0 94
104.0 93
105.0 93
106.0 93
107.0 93
108.0 93
109.0 93
110.0 93
111.0 93
112.0 93
113.0 93
114.0 93
115.0 93
116.0 94
117.0 93
118.0 93
119.0 93
120.0 92
121.0 92
122.0 92
123.0 91
124.0 91
125.0 91
126.0 90
127.0 90
128.0 89
129.0 89
130.0 89
131.0 88
132.0 88
133.0 87
134.0 87
135.0 86
136.0 86
137.0 86
138.0 85
139.0 85
140.0 84
141.0 84
142.0 83
143.0 83
144.0 82
145.0 82
146.0 81
147.0 81
148.0 80
149.0 80
150.0 79
151.0 79
152.0 79
153.0 78
154.0 78
155.0 77
156.0 78
157.0 78
158.0 79
159.0 79
160.0 80
161.0 80
162.0 81
163.0 81
164.0 81
165.0 82
166.0 82
167.0 83
168.0 83
169.0 84
170.0 84
171.0 84
172.0 85
173.0 85
174.0 86
175.0 86
176.0 86
177.0 87
178.0 87
179.0 88
180.0 88
181.0 88
182.0 89
183.0 89
184.0 89
185.0 90
186.0 90
187.0 90
188.0 91
189.0 91
190.0 91
191.0 92
192.0 92
193.0 92
194.0 92
195.0 93
196.0 93
197.0 93
198.0 93
199.0 93
200.0 93
201.0 93
202.0 93
203.0 93
204.0 93
205.0 93
206.0 93
207.0 93
208.0 93
209.0 94
210.0 94
211.0 94
212.0 95
213.0 95
214.0 95
215.0 95
216.0 95
217.0 95
218.0 95
219.0 95
220.0 94
221.0 94
222.0 94
223.0 94
224.0 94
225.0 94
226.0 94
227.0 93
228.0 93
229.0 93
230.0 93
231.0 93
232.0 92
233.0 92
234.0 92
235.0 92
236.0 91
237.0 91
238.0 91
239.0 90
240.0 90
241.0 90
242.0 89
243.0 89
244.0 89
245.0 88
246.0 88
247.0 88
248.0 89
249.0 89
250.0 89
251.0 89
252.0 90
253.0 90
254.0 90
255.0 90
256.0 90
257.0 90
258.0 91
259.0 91
260.0 91
261.0 91
262.0 91
263.0 91
264.0 91
265.0 91
266.0 91
267.0 91
268.0 91
269.0 91
270.0 91
271.0 91
272.0 91
273.0 91
274.0 91
275.0 91
276.0 91
277.0 91
278.0 91
279.0 91
280.0 90
281.0 90
282.0 90
283.0 90
284.0 90
285.0 90
286.0 89
287.0 89
288.0 89
289.0 89
290.0 89
291.0 88
292.0 88
293.0 88
294.0 88
295.0 88
296.0 88
297.0 89
298.0 89
299.0 89
300.0 89
